01101100
00000000
00000000
01111001
00000000
00000000
00000000
00001001
00010010
01010010
00000000
00000000
00000000
00000000
00000000
00000000
00000000
00000000
00000000
00000000
00000000
00000000
00000000
00000000
00000000
00000000
00000000
00000000
00000000
00000000
10000101
00000000
10100011
11110101
00000000
00000000
00000000
00000000
00000000
00010010
00000000
00000000
00000000
00000000
00000000
11001000
00000000
00000010
00000000
00000000
00000000
00000001
01110110
00000000
00000000
11000101
01010011
00000000
00000000
00000000
00000000
00000000
00000000
00000000
00000000
00000000
00000000
10111101
00000000
11101010
00000000
11000100
00000000
00000000
00011000
00000000
00000000
00000000
01101101
00000000
00000000
10101110
10100011
00000000
00000000
10110101
00111101
00000000
00000000
01110011
00000000
00000000
00000000
00000000
00000000
00000000
00000000
11010101
01000010
00000000
00000000
10001010
00000000
00000000
01010010
00000000
00000000
00000000
01111011
00000000
10001011
10100110
00000000
10111000
00000000
00000000
00000000
00000000
00000000
00000000
00000000
00000000
00000000
00000000
00000000
00000000
11101110
00000000
00110001
00100100
00000000
00000000
00000000
00000000
00000000
00000000
00000000
00000000
00000000
00000000
00000000
00000000
00000000
01000011
00000000
00000000
00111110
00000000
00000000
00000000
00000000
01100101
10101111
10110100
01110001
00000101
00000000
00000000
00000000
00000000
00000000
01101110
00000000
01100100
00000000
00000000
00000000
00000000
00000000
00000000
11001010
00000000
00000000
00000000
00000000
00000000
11000101
00000000
00000000
11111101
00000000
00000000
10010110
00000000
00000000
00000000
10111111
00000000
11001010
00000000
00000000
00000000
00000000
00000000
10101110
00000000
00000000
00000000
00000000
00000000
