00000000
00000000
01101100
00000000
00000000
01111001
00000000
00000000
00000000
00000000
00000000
00000000
00000000
00000000
01010010
00000000
00000000
00000000
00000000
00000000
00000000
00000000
00000000
00000000
00000000
00000000
00000000
00000000
00000000
00000000
00000000
00000000
00000000
00000000
00000000
00000000
00000000
00000000
00000000
00000000
00000000
00000000
00010010
00000000
11110101
00000000
00000000
00000000
00000000
00000000
00000010
00000000
00000000
00000000
00000000
00000000
00000000
00000000
00000000
01010011
00000000
11000101
01110110
00000001
00000000
00000000
00000000
00000000
00000000
00000000
00000000
00000000
00000000
11000100
00000000
00011000
11101010
00000000
00000000
00000000
00000000
00000000
00000000
00000000
10100011
00000000
00000000
00111101
10110101
00000000
00000000
00000000
01110011
00000000
00000000
00000000
10101110
00000000
00000000
00000000
00000000
00000000
00000000
00000000
00000000
00000000
01010010
10001010
00000000
00000000
00000000
00000000
10100110
00000000
10111000
00000000
00000000
10001011
00000000
00000000
00000000
00000000
01111011
00000000
00000000
00000000
00000000
00000000
00000000
00000000
00000000
00000000
00000000
00100100
00000000
00000000
00000000
00000000
00000000
00000000
00000000
00000000
00000000
00000000
00000000
00000000
00000000
00111110
00000000
01000011
00000000
00000000
00000000
00000000
00000000
00000000
00000000
00000000
00000101
00000000
00000000
00000000
01101110
00000000
00000000
00000000
00000000
01100100
00000000
01110001
00000000
00000000
00000000
00000000
00000000
00000000
00000000
00000000
00000000
00000000
00000000
00000000
00000000
00000000
10010110
11111101
00000000
00000000
00000000
00000000
11001010
10111111
11000101
00000000
00000000
00000000
00000000
00000000
00000000
00000000
