001
001
000
001
001
000
000
001
010
011
011
011
011
011
010
010
010
010
010
000
000
000
000
000
000
000
000
000
000
000
001
001
010
011
011
011
011
011
011
100
100
100
011
011
010
011
011
100
100
100
011
100
101
101
101
110
111
111
111
110
110
101
100
011
011
011
011
100
100
101
101
110
110
101
110
101
100
100
101
101
101
110
111
111
110
111
000
111
110
111
111
111
110
110
110
110
101
110
111
000
000
001
001
001
010
010
001
000
001
001
010
011
010
011
010
010
010
001
001
001
001
001
000
000
000
000
001
001
010
011
011
011
011
010
010
010
010
010
010
000
000
000
000
001
001
001
010
001
001
000
000
001
010
011
100
101
101
101
100
100
100
101
100
101
101
101
101
100
100
011
100
100
100
100
100
100
101
101
101
110
110
110
111
111
110
101
110
110
111
111
110
101
100
100
101
101
101
101
101
101
